,Q11P,Q12P,Q149,Q150,Q151P,Q15P,Q165P,Q166P,Q16P,Q17P,Q19P,Q20P,Q21P,Q22P,Q23P,Q25P,Q26P,Q57P,Q8P,Q9P,Q106,Q107,Q108,Q109,Q110,Q111,Q112,Q121,Q123,Q124,Q130P,Q160,Q162,Q163,Q164,Q169P,Q170P,Q171P,Q172P,Q173P,Q176P,Q180,Q182,Q184,Q185,Q186,Q188,Q189,Q190,Q195,Q197P,Q199P,Q224P,Q234P,Q235P,Q236P,Q237P,Q238P,Q239P,Q241,Q242,Q243,Q245,Q246,Q248,Q249,Q250,Q254P,Q255P,Q259P,Q27P,Q28P,Q29P,Q2P,Q30P,Q32P,Q33P,Q34P,Q35P,Q37P,Q38P,Q39P,Q3P,Q41P,Q42,Q4P,Q5P,Q64P,Q65P,Q66P,Q68P,Q69P,Q6P,Q70P,Q71P,Q72P,Q73P,Q77P,Q90
Q11P,1.0,-0.03674896475791299,0.026714582252211107,-0.08428196107537834,-0.05893067149834257,-0.07347008427710133,-0.0961862510472767,-0.01433462763315495,0.09110304563956828,-0.03672950403965994,0.057996032743638716,0.008684410099462138,0.05132016386704989,-0.04023251014710829,0.04660009586923484,0.0023463888984545335,0.055306119418788,0.11726407534316897,0.15613149412945176,0.0055418349839310745,-0.003336380085782159,0.0010948230637545086,0.047598358568097236,0.06908202236795971,0.10158233564377686,0.026769589503669453,-0.036869280915629334,0.066391007368201,0.0683516842714313,-0.01873817172215728,0.11419506212708333,-0.010877363744080886,0.016444171317548766,0.027510142858159944,-0.12399363275035451,-0.07672800422725853,-0.05463185675166115,-0.06465006198738765,-0.09576725168824399,-0.10978276294317511,0.022854372124470747,0.08444555019305364,0.15219637258698318,0.15419978082586203,0.10296585835137802,0.12174284560076791,0.14194216043361466,0.06531662372672442,0.034086237687846715,0.05798592365474899,0.03420253886183861,0.09411382688931991,0.06016685535159011,-0.02885490247617792,-0.015532676412288891,0.013620646134681696,-0.005868337794415831,0.00415307885040883,-0.03984494479789731,0.033419671205572675,-0.0011351104917197024,-0.006015264289870791,-0.0033054668177706376,0.022702824668850593,-0.026056959278598114,0.005273349238380992,-0.013797903115112548,-0.05306993117160598,-0.035707677378835255,0.029293080917723244,-0.08415727519171076,-0.010303385257547069,-0.03630646071650469,0.052844052959253755,0.012932896889756068,0.01854267770532812,-0.03485090175764093,-0.0887039910649848,-0.020628529553497955,-0.05985346109143881,-0.09931329070345955,-0.08639704049001751,0.04285425163689353,-0.08352968524044231,-0.0026340314732032867,0.08209085158380157,-0.06446400857719044,-0.08648646217217808,-0.012909123268918505,0.021649912621806537,0.0555737887502226,0.03402554349831607,-0.11859360761696121,0.0360207028899618,0.011758233674643709,0.05716651819192057,0.044797289835902254,0.0056737530721280224,0.050134013724213035
Q12P,-0.03674896475791299,1.0,0.01411415050597781,0.022007953228984144,-0.0104876388625025,-0.003954167964229921,-0.0015016784055742044,0.022091857086043297,0.0661345489583885,0.01205606981402208,-0.054729053447214904,-0.07085825102180084,-0.05123173799267849,-0.08798612588210868,-0.04263800172916267,-0.05439359844483039,-0.025887461665492197,0.05939480762346135,-0.014982441744817231,-0.06704784060685637,-0.019022622706333397,0.009769186394513133,0.007388125684421759,0.0021178088767439458,0.019917424884237752,-0.01398945795677311,0.03649245813439789,0.04092672506243894,0.09944950979292654,0.021873709448843204,0.04803459351428864,-0.013143455994633764,-0.04144128240173115,-0.0034575107581319583,-0.015208210411048266,-0.05480455344230878,-0.07409917934076592,-0.03700472861529075,-0.008013343733448941,0.006367497423944162,0.037455680931998976,-0.048111830680051385,0.14034924742224025,0.07061050054688546,0.10947911958764063,0.10060628526562156,0.09283583437933629,-0.05340892940328557,-0.016977329226260923,-0.018174907226826006,-0.06250884480715806,0.03852200303848353,0.0385830965811846,0.0783354080833414,-0.06891453277782335,0.00934110174327862,-0.07767046791406061,0.07552753524886294,-0.06074212538466383,0.001809756671797136,-0.06632866848596398,0.07983706727287729,-0.06919746634437994,0.049044510474192886,-0.06556665325922777,0.09135817860329579,0.09607964925638184,0.0352361844681832,0.011613230647169006,0.03144453055881362,-0.010392047316980268,-0.026838570223384463,-0.09682382364656873,0.055020720405800555,-0.09873186801977363,0.05027930638164232,-0.11544708265634183,-0.05446157904074097,-0.055903096960155614,-0.0876099452473397,-0.02958171717364986,-0.01349634961185902,0.08449645508370603,-0.056200175937675984,0.037691527168049965,0.03455420632691794,0.014400174705130393,-0.042263303902978326,-0.01866717310704344,-0.02227520035990968,-0.025193534639328916,0.017475513175265835,-0.02711696622825487,0.006190334917056046,-0.032705453897285644,-0.03630002001991333,-0.0455136096281289,-0.014857145487193451,-0.011736056497718108
Q149,0.026714582252211107,0.01411415050597781,1.0,0.23151905434024347,0.07077500582763616,0.08185773920315584,0.04923562145236212,0.08230386110164449,0.03804057247923208,0.046605965814276666,0.039310794136477804,0.09165307063416406,0.049576131414691034,0.07507801068526722,0.0743744337205092,0.126229315897031,0.06483730216022504,-0.025321453253775314,0.023329615978101778,0.02292104182227365,-0.020338846458725232,0.08262348590657939,0.009706272845123074,0.08149856593378409,0.03376585632126287,0.025861096315687025,0.024476603286493474,0.0029280009178117325,-0.011515493619848804,-0.013121342150197973,-0.010878904979216033,0.05592340987496095,0.036059118268686526,-0.03394590467061001,0.08392708979019356,0.08326764839518462,0.09779474712105869,0.05596120429225155,0.08456480714679251,0.04472813711533188,0.055673932987296566,0.031777968847951456,-0.07112641640645855,-0.08036889773130794,-0.0757686457330417,-0.11698468788440136,-0.0694938176539085,0.05118072771702916,0.05620430368940119,0.05952806297617358,0.10571169353444022,0.010670036690851308,-0.02070583272962445,-0.019794547433010564,0.10427299833402572,0.051684168266115355,0.13900479627757753,-0.029037049122879497,0.10083834898712579,0.041641446888139345,0.08599994534744876,-0.03997624313897797,0.07299501035612126,-0.03231507998775403,0.06412331097702159,-0.024671404619600774,-0.025935706094231847,0.02557763439911827,0.02156831434253995,0.00718489337638143,0.08843170358762638,0.08963512288621779,0.06262233120489444,-0.03137213025421306,0.05358927028940847,0.053101727179253246,0.09034613686695961,0.04203519745696672,0.04917762763737451,0.08324818764766019,0.10172571009622496,0.04666361401620973,-0.02069781248169629,0.06911904276130322,0.020365541474483037,0.04991006814974876,0.06753088960554665,0.04281551449908196,0.027862916940395367,0.04105189651349858,0.05239514700446083,0.03627538430726687,0.10004289985889553,0.023268629439641732,0.05616222191080453,0.052820278040569935,0.04101430459346514,0.00970016702713165,0.006659281301993203
Q150,-0.08428196107537834,0.022007953228984144,0.23151905434024347,1.0,0.13195654667053378,0.12520981357238026,0.11976556777867646,0.10229886076139932,-0.01434392562350981,0.09042572994231124,0.0402422421633973,0.1007036406843736,0.0518356208578957,0.14874850105480342,0.04401424176892474,0.13259754739577348,0.036215013709402416,-0.09489983969528948,-0.0335072118673966,0.05140117018115399,0.07638815880806497,0.08930156604685725,-0.00981489716659808,0.017514851406350465,-0.046357128863899026,0.02907807815892597,0.08506033355637396,-0.035794142303560914,-0.033201209514693734,0.08811791339524119,-0.07587894937167358,0.09094069959831291,0.0186991078017144,-0.010873500466107886,0.1602119533863161,0.15966954305010142,0.15435290147485722,0.11756853431077997,0.1555874204322089,0.12923956867739225,0.0783275799675231,-0.04033637007025723,-0.17089205948232697,-0.16296259666399693,-0.1369122485633523,-0.17684443206276365,-0.12603663026259754,-0.017332208824574563,0.040921532261028334,0.030479833383507998,0.10976789722620753,-0.055938088515423305,-0.037302488351248574,0.019652073297437418,0.13145842567293295,0.07017801930411302,0.11147451379211626,0.007485146338562962,0.11576842531765567,0.04281859484282993,0.07928065621493614,0.014160912270356102,0.08175613988408552,0.004877510080254654,0.1195095374673444,0.018151838326167166,0.02125215650678811,0.09212884522581086,0.10778671961120538,0.0012371859311614982,0.17004389844915968,0.11363960620663068,0.1058943264316852,-0.03857652691990973,0.060496901285859474,0.06327120163798364,0.1395090577147536,0.16477924229537927,0.09327543209192415,0.15192299679579682,0.1968551220324288,0.14742777258511539,-0.008910454758995618,0.1431591625999668,0.05280523076502684,-0.020039722456553808,0.13305624958329318,0.13018041308587963,0.06001628159238833,0.0574429899607886,0.02672635500412663,0.04135427592824568,0.18142907214081838,0.03583519552520537,0.07714513941854989,0.018449791384500005,0.023332011547340718,0.04758398409489038,-0.025955248220213636
Q151P,-0.05893067149834257,-0.0104876388625025,0.07077500582763616,0.13195654667053378,1.0,0.1514163621738879,0.18870210148380528,0.13035887287895453,-0.03626866759683531,0.08777959447510118,0.04794900795675297,0.13795204222676416,0.04828636292418025,0.2087388103391427,0.0824876487839306,0.15173798349017045,0.048162643927102566,-0.06106541100839289,-0.020025936126127016,0.09555615820866688,0.12027355136616907,0.06019446584380739,0.03312123966719623,-0.03634436483134616,-0.07388426917372591,0.03584066208794058,0.09687924799528805,-0.06181783794037602,-0.03623550602465063,0.0758376392859245,-0.06659259713666477,0.10893684302360909,-0.00332301156588868,0.05218000429224904,0.25548024846184914,0.22366979415755484,0.23257729209170272,0.16898227325651735,0.21881260858283955,0.1837679330211145,0.04076594262256581,-0.008201317106388675,-0.2510829302238239,-0.20854606930618552,-0.19433357343090188,-0.233859546176251,-0.18553092015904554,0.035996893262035305,0.04208900393582597,-0.007048893800174757,0.1420948638519219,0.047114373628937035,-0.03542451938384302,0.07970307880590148,0.14828405240063933,0.04661400202182912,0.13458936197566285,0.034043692201998724,0.13940504759989336,0.06880934847728239,0.12213604853410487,0.020415264730016237,0.11939302504241084,0.019828410231080694,0.16083618766266206,0.007796998290328165,0.07320321800359351,0.22171497010645705,0.1755477131271434,0.09014315635893848,0.237165955541336,0.14575073730053045,0.20500806342532588,-0.018033849749515083,0.13348895008420514,0.06180766387734455,0.21393375746964893,0.1959577099079835,0.13146804582022206,0.2499862387990277,0.27142028260973333,0.18874794390454858,-0.02465264534842102,0.24610875875370727,0.037323955290810125,0.03530760268304288,0.20171816460970834,0.20607828857671634,0.1414660956259285,0.08014099962891293,0.05584215313566077,0.06003230664232621,0.2530573515723458,0.06165641034494538,0.15328872993972187,0.06809721990858092,0.0920529760660794,0.07490443563522606,0.014876735417712108
Q15P,-0.07347008427710133,-0.003954167964229921,0.08185773920315584,0.12520981357238026,0.1514163621738879,1.0,0.2703668727417944,0.257389420456179,0.0038479673943563686,0.20445712959797457,0.04153026883251243,0.06676446411420688,0.04759541020558703,0.22720884925510387,0.09009844397288738,0.26151300642292674,0.07242125723192998,-0.11793694127464026,-0.10876330228965042,-0.013909297481263745,0.07118301276698695,0.06645121281838975,-0.027639553665480807,0.0002247615871216512,-0.06174447364426473,0.07399613980366694,0.1653277022946316,-0.08938968796720631,-0.06184957575602664,0.05093423402690078,-0.042139359398894675,0.05844872753488489,0.02278741246133418,-0.039251803528068945,0.39088382457290977,0.4326838012803121,0.36219229189352187,0.36260025423805514,0.42357941356596523,0.290965266735966,0.08169703494705984,-0.0028850832148604997,-0.253889502199437,-0.23042252424144713,-0.1846956464522659,-0.30573758517820016,-0.22876835568515602,0.04118913032366307,0.10350978053386899,0.005166304679184329,0.13742357451248696,-0.029494436543558506,-0.12002780940733127,0.08639488070820493,0.054173727399361174,0.049221480549987845,0.12125574895569587,0.01392721674243247,0.24333437814294265,0.07294015417706541,0.2268062011663093,-0.010186866413525642,0.1360480027526064,-0.010527489249811402,0.16977406678698756,-0.06798725351251582,0.021217612207529542,0.1428363184821133,0.10339994853050898,0.10656171950937715,0.2506837237250376,0.14613692721443533,0.17208420039907293,-0.000295900082835807,0.09663658340338473,0.08394587075308252,0.2199062627397144,0.17309341765947478,0.15203648802137856,0.23881721604823672,0.23787484401220824,0.1481541432803585,-0.006438602034416153,0.20474528143534762,0.017179170356161823,0.0003940895003002907,0.17064916971866068,0.2978018649659104,0.05790446683842771,0.004112929932114112,-0.02532007765330509,-0.011508853996371646,0.45939720120683597,0.015699635909698452,0.01260187090280184,-0.0557968953690491,-0.055799302207012846,-0.0014095539188123671,0.01819549338982845
Q165P,-0.0961862510472767,-0.0015016784055742044,0.04923562145236212,0.11976556777867646,0.18870210148380528,0.2703668727417944,1.0,0.4305017937154712,-0.036300717244587416,0.17221602372991063,0.01773402100019935,0.04360416905144328,0.01426747122111029,0.15739532015661853,0.04507725958577445,0.11935341680893795,0.03070224953775908,-0.21747260677343777,-0.13088829438959806,0.053516903116819246,0.07558865507397236,0.051998399168641164,-0.018100416140557803,0.0041274029707215115,-0.05963699796039779,0.06845342867061649,0.19132108014498683,-0.08279574651354521,-0.09297141137952705,0.04597682874433234,-0.03503048563632615,0.16627394539785897,0.06707624398218455,-0.06588913506548924,0.6742094922103291,0.4014413080696427,0.29864108550670804,0.3927777011484569,0.540895217997479,0.5810761665339776,0.05590301352271565,-0.018299802421905355,-0.32173857005370526,-0.3411599671896181,-0.24516526874689146,-0.3287891137759307,-0.31248369319076824,0.01128299714445595,0.061787222179032805,-0.08209782905755528,0.0872260892058443,-0.07406242801110553,-0.18316909947137455,0.12588367698581154,0.15179503728716479,0.07411274304605779,0.10355147638670704,0.012635028674236659,0.20284934648485997,0.018184205499169378,0.1758657171772996,-0.03337719421659327,0.11349777767078198,-0.0458136217936546,0.15276528635752532,-0.06584407147095199,0.01548762967841561,0.18984932092489284,0.16207710952602586,0.07519674158987104,0.30720323377933245,0.13987106873523364,0.1357902851125322,-0.04364633471829205,0.09863317077495293,0.07116320647892774,0.19620756053324595,0.1778624434228094,0.1759452052177211,0.21401841777348837,0.2615831767377887,0.16834508579759971,-0.02001275269118143,0.22671373851252277,0.015090417035225514,-0.05651036961445306,0.2174964580213789,0.3505832056650819,0.03745972314094525,-0.003017315768101122,-0.08586369977543205,-0.0621235266448365,0.5506772559934607,-0.07634066538287802,-0.01402766928202696,-0.09984955344885164,-0.07855204936658575,-0.005828063239513108,0.04515259655696175
Q166P,-0.01433462763315495,0.022091857086043297,0.08230386110164449,0.10229886076139932,0.13035887287895453,0.257389420456179,0.4305017937154712,1.0,0.013670890364721374,0.08780445592799357,0.008950410719444558,0.03915670684916027,0.011776036507637068,0.1254655144015296,0.04176125969832269,0.14235759677695053,0.03290860435920624,-0.09153349210865735,-0.05713003107282178,0.03975336293664761,0.031153133245543543,0.0405752029813096,-0.02553854467000457,0.00047992799335137034,-0.025900742193061956,0.049577434502087174,0.10254552241493775,-0.05417819210488414,-0.014261835142411906,0.03999341645131549,-0.029622349537253387,0.06966639287612565,0.018606378069528366,-0.010745832595674519,0.39065072016124286,0.3442718055450919,0.27126768667536344,0.2962142196448411,0.392641010872292,0.33102683377609543,0.06667978071608477,-0.00035199963942893317,-0.160236231233778,-0.17453861738574214,-0.14280359160348116,-0.22196677117182534,-0.17272767954260973,0.028276820223158593,0.026655337404137603,0.011328674969900067,0.10860032916956791,0.007702984473494773,-0.05880465150779428,0.11486167978462732,0.0816842208936432,0.06024647154462743,0.10605654660254847,0.01738765401103972,0.1826078377762873,0.06027339874377174,0.16010934908225025,-0.0015097625551407045,0.09467815958946826,-0.006010004868624398,0.14295712849197872,-0.036291243232616024,0.02164880388012918,0.12304427506215161,0.14300486855136685,0.10301854232078075,0.2122269528181328,0.09114375745793994,0.12156244662290613,0.037118655504041996,0.06864689708696285,0.09877416885642665,0.17155742913571873,0.14745683459625505,0.12373722276696486,0.16438375421668264,0.18557122287265002,0.12038775044805199,0.012060227961933071,0.1270580045827756,0.0015116611916132184,0.028423540722498867,0.12888916669229228,0.2396590637250709,0.1032771468924481,0.045447899871443466,0.03795700811869328,0.03723211163524505,0.3861109449156514,0.033260264621412135,0.04361865189864581,-0.007467618399036746,-0.006368176460867946,0.022019065214098656,0.03493787026039942
Q16P,0.09110304563956828,0.0661345489583885,0.03804057247923208,-0.01434392562350981,-0.03626866759683531,0.0038479673943563686,-0.036300717244587416,0.013670890364721374,1.0,0.0961479881005243,0.030471066669667476,-0.02575246073709271,0.025525806131470968,-0.059843879726545396,0.03225446522700738,0.017694618820399223,0.03397659420628763,0.07644365764259321,-0.0058824618149789475,-0.07034955836879468,-0.012542973420380585,0.03055940444446754,0.02307241537552011,0.04705546080369546,0.06702886519280878,0.016818923440568154,0.008369958010413878,0.055587104670782726,0.04748560106984629,-0.02490910036750949,0.07088158145569556,0.004094414205460089,0.029811104666124074,-0.008583068379879578,-0.06355427913480054,-0.043167138130787465,-0.038974167117302505,-0.05466340114841797,-0.05478874624295382,-0.04402399725488603,0.04053008291675681,0.05792234605549938,0.1279054124678594,0.11362178449989149,0.11442041225731461,0.09772843531172838,0.10241817791219249,0.03526912192543838,0.030784093985685736,0.06630517792470071,-0.009537898001485034,0.036849828649330646,0.052578058799254014,0.02149559812624255,-0.021267973475139295,0.022148661000174187,0.005243698557090044,0.028700676566410052,-0.019380983704284736,0.023514626266391413,-0.014469212726465779,0.03181626681469859,-0.008974525895280642,0.02381669111505488,-0.013215980458660521,0.022889401545592124,0.031152498000861013,0.012729815858271903,-0.013230272980417592,0.03098301267908601,-0.03441709159600828,0.018867816256972852,-0.0418093660558963,0.04400744087419173,-0.022860787824597252,0.013425391164594198,-0.04987406651136247,-0.03938409487889836,0.003280135952937535,-0.06385619058987821,-0.06604166725643962,-0.03135146989561823,0.03682435914500308,-0.05105133578544661,0.02175855582087614,0.03699863464228146,-0.029062985082417565,-0.053400641335837544,0.0073560919835864375,-0.006093103912645325,0.002002819924152952,0.032873448080231134,-0.06684673320860547,0.01821419602779778,-0.007329165348780315,0.012446222021104358,-0.00019713009689990282,-0.005225528159458787,0.03161832330258699
Q17P,-0.03672950403965994,0.01205606981402208,0.046605965814276666,0.09042572994231124,0.08777959447510118,0.20445712959797457,0.17221602372991063,0.08780445592799357,0.0961479881005243,1.0,0.06327080409813324,0.010197526470110957,0.0308424360194411,0.08337885177686728,0.06429156729765353,0.08602275173278855,0.0789513980250342,-0.09243212500427432,-0.13842940358170902,-0.04845984510347356,0.041315668713912415,0.05332188411274191,0.012246198432847865,0.05407789037721351,-0.014705270630977395,0.0844849928156686,0.16296191081054354,-0.04998430553078505,-0.04516251264563371,0.03985381074953765,-0.005417748625036308,0.08482314085821327,0.07089684818584607,-0.059726074945801684,0.22270453721068267,0.19514804965765428,0.13430560502510358,0.16825559891318975,0.18786590081236243,0.1560966982302408,0.05610456215522736,0.03418584667250508,-0.12893603473927756,-0.13318140119726446,-0.10069956658805425,-0.1405643350158539,-0.1196641388503558,0.042610027207814274,0.11241530380579388,0.007046415161607043,0.038546072200715355,-0.07215787328841794,-0.15044451851228446,0.009589223279606438,0.08691445845202836,0.07158048089858411,0.0893720817948686,0.003143765983885502,0.12322685926539673,-0.005027026396400507,0.10647710385883788,-0.030076603281889224,0.09708928036126324,-0.05334690730296225,0.08778936523887089,-0.058553498476998936,-0.0017486262712445967,0.10505834648986986,0.05559532665434944,0.0489378512057248,0.15713447691905505,0.14384712852444775,0.07878527942675036,-0.05089656878042926,0.06460974337866189,0.0520249859814061,0.08928678752155714,0.0840152718518772,0.12833153434672617,0.11641909385438841,0.15001438320174473,0.12232434639815139,0.008292884022248252,0.1583823914809468,0.043209560668456104,-0.047134582677144016,0.1239028728277807,0.11613654097481399,-0.0675306024276323,-0.032844166690134576,-0.07335843373238296,-0.08056210390058227,0.1957571437308746,-0.08311527994730915,-0.058673942569108586,-0.08009580854405805,-0.09733787627588998,-0.02412570796038051,0.015901524154303744
Q19P,0.057996032743638716,-0.054729053447214904,0.039310794136477804,0.0402422421633973,0.04794900795675297,0.04153026883251243,0.01773402100019935,0.008950410719444558,0.030471066669667476,0.06327080409813324,1.0,0.2925016272182798,0.4712179851810427,0.21847878360730014,0.48213959938951134,0.294371316395255,0.4660313351326987,0.004943352780413638,0.013696921905257672,0.0584270084665782,0.03948617040586345,0.04140649457980164,0.038272740683047,0.036395419727670665,0.04919590273426949,0.06874659524527954,-0.01700131267702194,-0.05491626800941714,-0.052336669098006876,0.047413631567172994,-0.02475472584534787,0.06116373584808323,0.07684268329807725,0.030879658299117558,0.04393234768651116,0.10522131064391174,0.14846311531845874,0.044137172436816995,0.046698999813707766,0.03131247045958701,0.029231145159153007,0.07079537491290915,-0.08222362528826785,-0.02275027126100041,-0.05657882837702189,-0.06704751517815705,-0.027487836883848135,0.06623338468866341,0.09111960653850026,0.03853178044966044,0.10021415252595317,0.04133897079701408,-0.010766320243030423,-0.03336959877064082,0.08908847684328261,0.031723298739098585,0.12927454190697812,-0.03138931493157992,0.09758783087117809,0.056323941434217255,0.09506346891510001,-0.03103210005818276,0.06935920618694864,-0.017160414310150838,0.07839270862118891,-0.029284718731644954,-0.0300057818410167,0.028887711623908616,0.04869098433352802,-0.021048531174705964,0.04978147331896316,0.09728295956231436,0.135680102883467,-0.005141437005476514,0.1409275520067402,0.06026782320580835,0.14173455681919273,0.09644608019541984,0.10628797919732404,0.12360315586996455,0.08763608420107405,0.061491419655684644,-0.013415665571447716,0.0988379625941325,0.02013909863563712,0.050340714232637314,0.02015613686751146,0.071231943376183,0.027757183521119742,0.0626740489772732,0.05933662147906596,0.03712785839541159,0.06908350161540151,0.04402226661998214,0.07876273124609791,0.10134465148599948,0.07506154649706497,0.0350116342463293,0.056781380584364015
Q20P,0.008684410099462138,-0.07085825102180084,0.09165307063416406,0.1007036406843736,0.13795204222676416,0.06676446411420688,0.04360416905144328,0.03915670684916027,-0.02575246073709271,0.010197526470110957,0.2925016272182798,1.0,0.3138809115605178,0.4592823797898614,0.27219010199120297,0.36286484323797524,0.23008778351876719,-0.0251667178486028,0.022662101018718895,0.13182247722502796,0.08960822915291505,0.0767645145371788,-0.002711887431682483,0.02514615389455541,0.03005740876108113,0.06510265271772937,-0.02979673008832612,-0.04018541011809458,-0.04914072811262441,0.05570436299624303,-0.07041363204876394,0.05374690533834165,0.0340359906967014,0.08365688667521558,0.08621162623663892,0.16629097123781192,0.250329412000773,0.07763050008201768,0.07837265207791538,0.046923800705295546,0.02912890262175075,0.060202461720059705,-0.2259235015775624,-0.11436690833423253,-0.17581196841649585,-0.1988277997367059,-0.11090894379577161,0.08177500559388806,0.07128330861357353,0.07067524387787354,0.19533107482752718,0.04766130445683462,0.04049339637104066,-0.043628793885550084,0.14710648853958969,0.039103908007122344,0.1889076462819709,-0.04144404107340808,0.1542377833189146,0.12034203650749861,0.13379122466449092,-0.0338622865480101,0.11081873946341883,0.01239089858655521,0.14458204352433116,-0.030614731602473116,-0.015812606028058077,0.05067342934018093,0.10051909174078776,-0.00948331431082132,0.12581302117232235,0.12371583444215492,0.2632804626366787,0.006945157682943321,0.2046560828768335,0.07264412061505209,0.29505334529172517,0.20374301624293462,0.16354498776603132,0.2664022087899574,0.20603305821882584,0.145744912850909,-0.06890486966788047,0.190287155071852,0.03384112138439405,0.05657625388556815,0.05224452083763396,0.1459891234156045,0.15796017501052195,0.1456438918737025,0.13584209487564397,0.1499983807750398,0.11879981728451798,0.14344277632450783,0.20829645123989432,0.19797913550585497,0.1904529470475073,0.10296837674552603,0.06026200467144794
Q21P,0.05132016386704989,-0.05123173799267849,0.049576131414691034,0.0518356208578957,0.04828636292418025,0.04759541020558703,0.01426747122111029,0.011776036507637068,0.025525806131470968,0.0308424360194411,0.4712179851810427,0.3138809115605178,1.0,0.2421357192232014,0.39425040635911757,0.2867132559279064,0.38479137051498113,-0.006714632115440233,0.009740604728537893,0.05792667434284745,0.02411731983884704,0.044250839069100205,0.027804904423006087,0.05052127785858855,0.06070697275942599,0.07533251108166629,0.002516037551679275,-0.10067789596969491,-0.08728173209540623,0.10374705927314806,-0.07442999536117646,0.05534847606541331,0.08621826800734189,0.022320987486250405,0.025723191784187784,0.0895730359835327,0.13895769797119054,0.04116983452093603,0.030876330848343188,0.038028650143813125,0.04314771154509089,0.07708201981034253,-0.08098351742483047,-0.01092287153564289,-0.045486550689134,-0.05726346584721563,-0.01407596093747902,0.07587519228834128,0.08440825202999011,0.067884595365331,0.09111478595784749,0.031915896916672466,0.00621008942360858,-0.03966875456806177,0.08911094773534789,0.042882383102689464,0.0962729926442332,-0.015319699310771187,0.0874238676129664,0.04781833032952677,0.07981782100463951,-0.04421401487805081,0.058993440964217034,-0.03498662250529931,0.062397216746223755,-0.03649487616115484,-0.034734648756142725,0.0015516947599913658,0.04561596691429857,-0.040815532332916224,0.04603630375626528,0.08303259458967652,0.13529869816268625,0.007716445007282428,0.14121577656822298,0.04483550118040287,0.1446146265129538,0.13798458312042605,0.0987839212270129,0.10991448891912159,0.07888796557579014,0.07369969041732163,-0.008876030602770663,0.09229809209132166,0.025881031002240016,0.03195734797297728,0.008622021949450175,0.06039555516455471,0.028369918296502417,0.05628906795355865,0.06426879313871026,0.04210187184107617,0.06308741531597666,0.04789578602094071,0.07433944152581007,0.08761070904670586,0.08611856124385922,0.04005791361519112,0.07195153660043499
Q22P,-0.04023251014710829,-0.08798612588210868,0.07507801068526722,0.14874850105480342,0.2087388103391427,0.22720884925510387,0.15739532015661853,0.1254655144015296,-0.059843879726545396,0.08337885177686728,0.21847878360730014,0.4592823797898614,0.2421357192232014,1.0,0.2062435376898144,0.4345146218489262,0.1659805817249773,-0.08955037333161771,-0.03993030351519649,0.17741397422281804,0.14187221473675737,0.10073658305554986,-0.06055211365582714,-0.0394544974231127,-0.05379052496820189,0.09745827927837286,0.07750213578323259,-0.10192863582196782,-0.07621063029104144,0.07423581637310235,-0.07842810378144455,0.06921453336567493,-0.005477488455681824,0.08546229310825602,0.23855814978033926,0.34217567701479673,0.3618185867706612,0.2159947960809842,0.24151982203379502,0.1800567428741909,0.065419093976063,0.02291094801003332,-0.39647373466412733,-0.21745855274920198,-0.2592781572250294,-0.33604928450332006,-0.21590226173571728,0.07361703977959139,0.10863192304408906,0.0335248326548466,0.20072898532015848,0.015036062475727106,-0.049136973956768464,0.019616554396962284,0.12245458465424794,0.03550469116717261,0.18315918849895255,-0.004586930585423358,0.204199685194282,0.133831265372591,0.16272636166460888,0.010001161512895105,0.14398797286129275,0.06004268023738553,0.24607304446410866,-0.03959945476404219,0.015416967331586737,0.09030800524722186,0.15990439146143764,0.03206029492511116,0.2363910901785619,0.13130830645587668,0.31024456634066294,0.013773868540666619,0.1641553917958138,0.03751651492251961,0.3417410287083281,0.26060634667924987,0.1837810126758462,0.32908618399047657,0.29740911069121506,0.21836430120430803,-0.05459158680107888,0.2664184500491562,0.020427767938334625,0.026832178076122693,0.13117939042362348,0.22908358625261804,0.15745610985749997,0.07305978492388704,0.08543698642283351,0.06230670954713107,0.29624424850317027,0.07759095619189753,0.1539471131352017,0.09274697228895702,0.10435636915942141,0.081982633335342,0.03623581017537673
Q23P,0.04660009586923484,-0.04263800172916267,0.0743744337205092,0.04401424176892474,0.0824876487839306,0.09009844397288738,0.04507725958577445,0.04176125969832269,0.03225446522700738,0.06429156729765353,0.48213959938951134,0.27219010199120297,0.39425040635911757,0.2062435376898144,1.0,0.34313161760310507,0.43913842404499315,0.0063260073583185274,0.004561942796793991,0.07432258950819012,0.03727122787754686,0.041858357814736555,0.041293533933493276,0.03655316012178526,0.06346729165499938,0.07057062401705112,-0.003544004162373611,-0.04534057912104229,-0.04399173506057701,0.02226539491985712,-0.008281254859917632,0.06539753275980083,0.06336203029723014,0.044144110601776795,0.09145371408584856,0.155730330804423,0.21144072277509182,0.0725579573802819,0.09269914916251192,0.04252392792822703,0.040746289522583086,0.07740119800202852,-0.11869274928491315,-0.05490122385666264,-0.08826301661196535,-0.12487530021545018,-0.060130276158548136,0.08373816743324888,0.08510910781010302,0.045491567884973744,0.12989443947291157,0.043712525356499034,-0.01624960327360476,-0.033202238236746444,0.09794645858739018,0.022348765226703517,0.12619704035456525,-0.053377167463499776,0.1098863912990971,0.05891304464497184,0.11441574202007318,-0.05757751422378618,0.09364269074678998,-0.0303183075920485,0.09911046784229122,-0.06508764035880346,-0.025467176682311993,0.0417165991782765,0.058260509610807434,0.015671607498782384,0.1012906607535368,0.09226062345556915,0.15748970491438274,-0.020251553882588896,0.15872860352490667,0.07116087228472967,0.18012170693630866,0.10388468466975292,0.11892011618577238,0.15337705849385308,0.12701903560626765,0.09343638251564906,-0.038543348649491015,0.11038339658903987,0.018736064684775552,0.05015450489862205,0.03419071316678109,0.09245807213683406,0.053226306029982066,0.06694089804607345,0.062264591742999496,0.05216473608946235,0.10500570656063132,0.037140783500148156,0.10080800153531758,0.10228612729960614,0.09008540150342602,0.03943870026329799,0.04178722913557732
Q25P,0.0023463888984545335,-0.05439359844483039,0.126229315897031,0.13259754739577348,0.15173798349017045,0.26151300642292674,0.11935341680893795,0.14235759677695053,0.017694618820399223,0.08602275173278855,0.294371316395255,0.36286484323797524,0.2867132559279064,0.4345146218489262,0.34313161760310507,1.0,0.3284444405130078,-0.03926231131225024,-0.007946620301085568,0.05838574705547398,0.05940114599377272,0.07624288771815693,-0.04308547964978735,-0.017551705121653136,-0.045060995544379125,0.05864266815326401,0.031889039184701956,-0.09150299444423642,-0.023047090964387916,0.01583299419122458,-0.043470430369846075,0.008306194822302163,-0.012616034219856713,0.02995891296959702,0.19917788865009767,0.3307085640836241,0.35176248992489606,0.16443301312679215,0.23248567109368118,0.12412903293568847,0.05166011943881286,-0.006102397410362788,-0.23258030648975286,-0.160089420723028,-0.17763276944740317,-0.28880107096273494,-0.16494590598729073,0.058811525250605956,0.08234226553380393,0.09887604125390961,0.22795592615690247,0.036467017425821445,-0.0017294665777041142,0.04940936929082904,0.06447180414818379,0.032636550675083635,0.2219665977003327,0.0010467723333283654,0.19022179105638706,0.13943491043284706,0.1716260624473973,0.0014413987854315629,0.09826574205976935,0.03254105127162462,0.1667613398875226,-0.05223448417602507,0.020403841755975902,0.09483429264699128,0.1361624994400772,0.058262105150098,0.20886897374565236,0.1816655060688127,0.2593969124792759,0.00306144098860901,0.14158148849277682,0.11620751205690964,0.29929563799070097,0.2123637369827341,0.14714205242998282,0.24984854161517248,0.23493109975712262,0.15367299687736016,-0.047896910358350635,0.20629359462521885,0.0324530570905695,0.037792921076599824,0.12015720838144893,0.17145137906871039,0.18250678968495407,0.0688524529116701,0.10077240302021427,0.1359043033952106,0.2673936438526766,0.13611724609839249,0.15998046112605974,0.08849541914447458,0.11177250243211062,0.05353687613756119,0.05166474218602895
Q26P,0.055306119418788,-0.025887461665492197,0.06483730216022504,0.036215013709402416,0.048162643927102566,0.07242125723192998,0.03070224953775908,0.03290860435920624,0.03397659420628763,0.0789513980250342,0.4660313351326987,0.23008778351876719,0.38479137051498113,0.1659805817249773,0.43913842404499315,0.3284444405130078,1.0,0.0005191284723901222,0.0035903445677434027,0.04832437888761282,0.0097767275145014,0.039911146424102824,0.02941151366641886,0.06248218681523814,0.05824345957298468,0.0637309730322583,-0.001063751376431396,-0.0524621852658525,-0.04362362744324317,0.026774296742758965,-0.0414759063894836,0.03995085945804701,0.06481104831992657,0.012999638275221485,0.06622972156168754,0.1111567034356111,0.14198868086362904,0.05421188646003618,0.06274682873452778,0.03452173816200339,0.04077433082337681,0.08331730966311793,-0.06342668378922682,-0.026054742019758183,-0.05560129582861339,-0.07191776540448042,-0.01663103769412587,0.07889861665527516,0.10342468276760784,0.055236819706157333,0.11798739313597821,0.03742407478756718,-0.0026380121315678915,-0.033323030562170106,0.08935987979076965,0.03290512281571658,0.12557931057939278,-0.03203429004187137,0.09407967041130014,0.05611052891498536,0.10029864315130681,-0.03421217803092703,0.08649689300361263,-0.015117205695693522,0.07522906930309423,-0.040095524564942454,-0.03114289032528272,0.03173475662754867,0.02634045428195013,-0.0043559626691065745,0.062494503353095705,0.10565317515540808,0.12452677246231823,-0.010481643055650384,0.13534986399084767,0.07920197814748425,0.14234975000122785,0.08267603861286735,0.09670594169597951,0.11627777531067632,0.0818825785624952,0.05072002836998698,-0.03341750333800144,0.09278417905695638,0.023843751858570485,0.048394049299263706,0.023372660554274505,0.07584222193758121,0.022027008076902815,0.05420859188686057,0.04621149185312073,0.03171810300280723,0.08551833911639846,0.03683272816844435,0.07791576802902299,0.09385637349787189,0.07169148853984576,0.037861766159404064,0.049304258493730484
Q57P,0.11726407534316897,0.05939480762346135,-0.025321453253775314,-0.09489983969528948,-0.06106541100839289,-0.11793694127464026,-0.21747260677343777,-0.09153349210865735,0.07644365764259321,-0.09243212500427432,0.004943352780413638,-0.0251667178486028,-0.006714632115440233,-0.08955037333161771,0.0063260073583185274,-0.03926231131225024,0.0005191284723901222,1.0,0.13248007040236282,-0.016492930611923234,-0.029211297995396464,-0.010806963038454184,0.066092472236472,0.02633179076106442,0.050742041016385145,-0.03548495384559909,-0.179125372913331,0.13677327377429768,0.14690381971110955,-0.05583541202221857,0.12292200319030162,-0.07881162400109613,-0.025542885556840186,0.10508543376213264,-0.2562636335639694,-0.1677436702601479,-0.13831550535850284,-0.13750463058268125,-0.19931348861208312,-0.16031247279939495,-0.03532545628116759,0.0289733719744223,0.22788854946706988,0.23265065189631537,0.1582933114939091,0.19556767679751771,0.21671955342524155,0.02414567427272528,-0.022110881534929183,0.03638923534391281,0.018807424411750893,0.16198494585830567,0.22289919245375142,-0.02143566549917327,-0.09639041676855989,-0.037528346257571094,-0.06755148425825695,0.06044059054728227,-0.08702404533741405,0.03744897001514691,-0.0635161191342862,0.06404757612439621,-0.05145637449348731,0.10192157535842239,-0.03784950436151994,0.08477456061759571,0.05098026825999072,-0.05049281810795258,-0.030777436567380446,0.036914224713460266,-0.16757449074840625,-0.0663294557102807,-0.07208913338575952,0.11116094968335054,-0.035504601511961054,0.024381306347798448,-0.1029167945049006,-0.14507090851000787,-0.1052497222736612,-0.10976574499935984,-0.13127377455523156,-0.10571081864329421,0.04268410372826464,-0.13711172333775853,0.02700603552399238,0.11258706275141184,-0.14524214925719722,-0.0738169462848992,0.08408574390252231,0.10943083099262729,0.14740289665056072,0.1611311931908348,-0.2204342163939774,0.16213531350477645,0.13344680782911136,0.17561673943486927,0.1695042694458575,0.0921203563276584,0.009006636405118212
Q8P,0.15613149412945176,-0.014982441744817231,0.023329615978101778,-0.0335072118673966,-0.020025936126127016,-0.10876330228965042,-0.13088829438959806,-0.05713003107282178,-0.0058824618149789475,-0.13842940358170902,0.013696921905257672,0.022662101018718895,0.009740604728537893,-0.03993030351519649,0.004561942796793991,-0.007946620301085568,0.0035903445677434027,0.13248007040236282,1.0,0.03298574944989731,0.01819402923334387,0.004039979689938977,0.0602578858037143,0.031824275089952,0.062168338435261365,-0.009846100446045352,-0.0769643322838249,0.10822677304427308,0.09315679356558189,-0.02309668107397542,0.08318306493533471,-0.033708627085201545,-0.023090810044823586,0.0699506324166269,-0.18051097048085799,-0.1347295025745945,-0.1216312907797311,-0.11012267172721515,-0.13850240574493813,-0.1361429080653182,0.0051661502109927844,0.04880160975981783,0.1543426074832673,0.14860001162061284,0.11183816650407088,0.13359819931093164,0.1602988074674343,0.0458043658230272,0.01625954043177888,0.07238532588985899,0.028569196362529747,0.10640878663922616,0.136861521693903,-0.025412096527932776,-0.030846920686515778,-0.020385315947052497,-0.019143289282949536,0.02995581781944852,-0.07732619630333058,0.030883976526710544,-0.05295733718212595,0.020258568446740333,-0.013488981380570137,0.049151425889622256,-0.05817227473101909,0.03007720520068251,0.027551076245430007,-0.05818354079311604,-0.05089064057750678,0.012354400782177397,-0.08779681262032044,-0.03860985882068903,-0.04912763399974772,0.07843338277276352,-0.03569243385867084,-0.0050547202856201755,-0.059802180273227,-0.06585226314757102,-0.06249029637627419,-0.07275317049462253,-0.08812574415324928,-0.06468517908777514,0.051409605001568985,-0.08462546627371884,-0.0031377716462616186,0.10747177463131966,-0.029795316457381052,-0.09129418951537033,0.03350046562913806,0.05801457987868929,0.09250348632465659,0.08043722183847513,-0.15158339493458006,0.08630391184432981,0.06950344874751564,0.0970177286505421,0.10228220628366472,0.05428254619618739,0.02084984985708833
